-3125462 0 5 
-3116190 0 5 
-3097722 0 5 
-3090102 0 5 
-3039345 0 5 
-3033305 0 5 
-2991170 0 5 
-2982176 0 5 
-2965562 0 5 
-2961922 0 5 
-2951322 0 5 
-2925017 0 5 
-2877607 0 5 
-2860357 0 5 
-2855850 0 5 
-2825762 0 5 
-2816980 0 5 
-2798962 0 5 
-2796466 0 5 
-2788226 0 5 
-2781290 0 5 
-2779826 0 5 
-2778565 0 5 
-2771002 0 5 
-2759177 0 5 
-2745305 0 5 
-2742466 0 5 
-2734946 0 5 
-2710322 0 5 
-2688722 0 5 
-2685830 0 5 
-2665377 0 5 
-2660162 0 5 
-2652012 0 5 
-2651516 0 5 
-2639602 0 5 
-2639247 0 5 
-2637405 0 5 
-2636306 0 5 
-2611132 0 5 
-2600247 0 5 
-2590412 0 5 
-2505346 0 5 
-2504306 0 5 
-2472242 0 5 
-2453052 0 5 
-2423381 0 5 
-2415952 0 5 
-2402410 0 5 
-2383417 0 5 
-2370242 0 5 
-2348967 0 5 
-2316391 0 5 
-2315941 0 5 
-2311847 0 5 
-2308362 0 5 
-2257486 0 5 
-2254322 0 5 
-2247465 0 5 
-2205850 0 5 
-2194025 0 5 
-2192337 0 5 
-2164231 0 5 
-2154962 0 5 
-2153382 0 5 
-2135282 0 5 
-2106025 0 5 
-2099877 0 5 
-2091442 0 5 
-2081562 0 5 
-2080662 0 5 
-2042887 0 5 
-2007362 0 5 
-1992332 0 5 
-1953746 0 5 
-1934626 0 5 
-1924786 0 5 
-1907646 0 5 
-1893202 0 5 
-1857445 0 5 
-1834890 0 5 
-1827546 0 5 
-1806967 0 5 
-1800025 0 5 
-1772066 0 5 
-1755942 0 5 
-1751052 0 5 
-1741196 0 5 
-1733152 0 5 
-1694841 0 5 
-1678991 0 5 
-1645282 0 5 
-1601077 0 5 
-1561326 0 5 
-1551612 0 5 
-1536682 0 5 
-1527127 0 5 
-1522345 0 5 
-1472327 0 5 
-1452050 0 5 
-1451122 0 5 
-1444182 0 5 
-1424591 0 5 
-1413065 0 5 
-1407850 0 5 
-1404506 0 5 
-1347621 0 5 
-1345596 0 5 
-1337242 0 5 
-1302866 0 5 
-1279670 0 5 
-1242505 0 5 
-1238481 0 5 
-1205482 0 5 
-1186410 0 5 
-1127372 0 5 
-1120730 0 5 
-1117906 0 5 
-1086082 0 5 
-1076010 0 5 
-1068706 0 5 
-1053842 0 5 
-1048047 0 5 
-1044866 0 5 
-1042457 0 5 
-1006412 0 5 
-995506 0 5 
-974105 0 5 
-935456 0 5 
-931481 0 5 
-927797 0 5 
-915317 0 5 
-879142 0 5 
-853842 0 5 
-822802 0 5 
-808197 0 5 
-784672 0 5 
-783372 0 5 
-776786 0 5 
-776242 0 5 
-762127 0 5 
-709045 0 5 
-688882 0 5 
-685377 0 5 
-661762 0 5 
-656642 0 5 
-596810 0 5 
-555466 0 5 
-537370 0 5 
-520946 0 5 
-505442 0 5 
-492697 0 5 
-492002 0 5 
-484410 0 5 
-475682 0 5 
-473802 0 5 
-443482 0 5 
-423407 0 5 
-399682 0 5 
-372722 0 5 
-361202 0 5 
-341202 0 5 
-320306 0 5 
-319945 0 5 
-315282 0 5 
-311945 0 5 
-295431 0 5 
-264277 0 5 
-241142 0 5 
-186386 0 5 
-150997 0 5 
-108322 0 5 
-58466 0 5 
-49042 0 5 <---FIRST--

195843 0 5 <---FIRST--
196168 0 5 
233864 0 5 
251603 0 5 
281843 0 5 
336399 0 5 
387903 0 5 
433288 0 5 
435299 0 5 
437763 0 5 
498083 0 5 
603988 0 5 
613263 0 5 
647603 0 5 
652783 0 5 
662879 0 5 
663003 0 5 
704245 0 5 
745544 0 5 
817103 0 5 
836005 0 5 
872275 0 5 
956483 0 5 
963235 0 5 
964568 0 5 
989043 0 5 
991233 0 5 
1057108 0 5 
1112803 0 5 
1131245 0 5 
1181724 0 5 
1205269 0 5 
1243823 0 5 
1247780 0 5 
1261128 0 5 
1279780 0 5 
1281224 0 5 
1335753 0 5 
1364808 0 5 
1369843 0 5 
1400003 0 5 
1444808 0 5 
1460623 0 5 
1466643 0 5 
1476255 0 5 
1482063 0 5 
1490888 0 5 
1527059 0 5 
1548729 0 5 
1560099 0 5 
1568763 0 5 
1585405 0 5 
1598728 0 5 
1625775 0 5 
1638319 0 5 
1693628 0 5 
1713855 0 5 
1714943 0 5 
1745283 0 5 
1773928 0 5 
1812239 0 5 
1815583 0 5 
1846783 0 5 
1884819 0 5 
1890515 0 5 
1895208 0 5 
1902728 0 5 
1924723 0 5 
1926543 0 5 
1937640 0 5 
1968008 0 5 
1969215 0 5 
1970788 0 5 
1980883 0 5 
1988099 0 5 
