Mordell curves.
fam E. C[0,-n] rank 5, 6.

0 -975379 6
-----------

+250 terms rank 5
-----------------
0  -28279 5
0  -43847 5
0  -92712 5
0 -103627 5
0 -113908 5
0 -141412 5
0 -158708 5
0 -161256 5
0 -176635 5
0 -184643 5
0 -187716 5
0 -194023 5
0 -201023 5
0 -205363 5
0 -232852 5
0 -256521 5
0 -256787 5
0 -262849 5
0 -274504 5
0 -277464 5
0 -290539 5
0 -299830 5 
0 -313207 5 
0 -321787 5 
0 -330299 5 
0 -335794 5 
0 -344719 5 
0 -356061 5 
0 -379992 5 
0 -393124 5 
0 -425128 5 
0 -428628 5 
0 -434369 5 
0 -434887 5 
0 -437764 5 
0 -446996 5 
0 -463159 5 
0 -473358 5 
0 -489675 5 
0 -520797 5 
0 -522127 5 
0 -539459 5 
0 -543890 5 
0 -548589 5 
0 -553648 5 
0 -560123 5 
0 -568187 5 
0 -570763 5 
0 -580584 5 
0 -607247 5 
0 -627592 5 
0 -631453 5 
0 -662484 5 
0 -665011 5 
0 -668218 5 
0 -673903 5 
0 -681456 5 
0 -689399 5 
0 -694586 5 
0 -714762 5 
0 -720703 5 
0 -724644 5 
0 -728804 5 
0 -731378 5 
0 -733781 5 
0 -735587 5 
0 -739171 5 
0 -745392 5 
0 -751699 5 
0 -760790 5 
0 -771448 5 
0 -786918 5 
0 -795332 5 
0 -799294 5 
0 -801624 5 
0 -806152 5 
0 -807083 5 
0 -808091 5 
0 -814575 5 
0 -815728 5 
0 -845191 5 
0 -845711 5 
0 -856799 5 
0 -864287 5 
0 -878841 5 
0 -879283 5 
0 -904889 5 
0 -917783 5 
0 -925778 5 
0 -926735 5 
0 -933967 5 
0 -953364 5 
0 -953678 5 
0 -982064 5 
0 -983162 5 
0 -987384 5 
0 -1005715 5
0 -1009264 5
0 -1012808 5
0 -1014178 5
0 -1033652 5
0 -1033706 5
0 -1038657 5
0 -1042374 5
0 -1056943 5
0 -1070227 5
0 -1086726 5
0 -1088212 5
0 -1092089 5
0 -1107992 5
0 -1122132 5
0 -1131745 5
0 -1141636 5
0 -1144856 5
0 -1150456 5
0 -1156664 5
0 -1157609 5
0 -1157988 5
0 -1158653 5
0 -1170271 5
0 -1176643 5
0 -1177399 5
0 -1184889 5
0 -1185391 5
0 -1187624 5
0 -1187652 5
0 -1191010 5
0 -1192196 5
0 -1202131 5
0 -1202296 5
0 -1220867 5
0 -1222661 5
0 -1229358 5
0 -1233791 5
0 -1236666 5
0 -1243766 5
0 -1245717 5
0 -1246319 5
0 -1262686 5
0 -1264807 5
0 -1270988 5
0 -1289929 5
0 -1290007 5
0 -1293947 5
0 -1296791 5
0 -1303141 5
0 -1315871 5
0 -1326485 5
0 -1332470 5
0 -1333336 5
0 -1334675 5
0 -1338731 5
0 -1348759 5
0 -1354862 5
0 -1359271 5
0 -1361980 5
0 -1378381 5
0 -1384816 5
0 -1386091 5
0 -1392283 5
0 -1395827 5
0 -1400872 5
0 -1403911 5
0 -1406591 5
0 -1412760 5
0 -1435319 5
0 -1443908 5
0 -1445903 5
0 -1447688 5
0 -1451298 5
0 -1456004 5
0 -1457428 5
0 -1457941 5
0 -1461737 5
0 -1465553 5
0 -1480520 5
0 -1485012 5
0 -1491312 5
0 -1496051 5
0 -1498818 5
0 -1505846 5
0 -1519851 5
0 -1525684 5
0 -1528135 5
0 -1533151 5
0 -1533748 5
0 -1542491 5
0 -1559996 5
0 -1566303 5
0 -1568699 5
0 -1568909 5
0 -1577496 5
0 -1583243 5
0 -1586388 5
0 -1586563 5
0 -1590539 5
0 -1591841 5
0 -1595460 5
0 -1598692 5
0 -1599849 5
0 -1611866 5
0 -1615144 5
0 -1620595 5
0 -1625889 5
0 -1631704 5
0 -1647741 5
0 -1649477 5
0 -1667311 5
0 -1671653 5
0 -1671934 5
0 -1681672 5
0 -1685143 5
0 -1690399 5
0 -1714600 5
0 -1727639 5
0 -1732119 5
0 -1739548 5
0 -1753847 5
0 -1756318 5
0 -1760952 5
0 -1769471 5
0 -1773417 5
0 -1774128 5
0 -1782724 5
0 -1783583 5
0 -1787888 5
0 -1788947 5
0 -1789155 5
0 -1792676 5
0 -1803911 5
0 -1809856 5
0 -1816091 5
0 -1820648 5
0 -1821252 5
0 -1832276 5
0 -1854201 5
0 -1859563 5
0 -1867368 5
0 -1886023 5
0 -1891476 5
0 -1904327 5
0 -1914443 5
0 -1929261 5
0 -1930460 5
0 -1944271 5
0 -1944661 5
0 -1952747 5
0 -1961418 5
0 -1968250 5
0 -1972434 5
0 -1987509 5
0 -1988788 5
0 -1989112 5
0 -2000087 5
0 -2001528 5
0 -2005343 5
0 -2014744 5
------------

