


fam mordell y2 x3 -n
----------

28279  5
43847  5 
92712  5 
103627 5 
113908 5 
141412 5 
158708 5 
161256 5 
176635 5 
184643 5 
187716 5 
194023 5 
201023 5 
205363 5 
232852 5 
236884 5 
256521 5 
256787 5 
262849 5 
272046 5 
274504 5 
277464 5 
290539 5 
299830 5 
313207 5 
321787 5 
330299 5 
335794 5 
344719 5 
356061 5 
379992 5 
393124 5 
425128 5 
428628 5 
434369 5 
434887 5 
437764 5 
446996 5 
463159 5 
473358 5 
489675 5 
520797 5 
522127 5 
539459 5 
543890 5 
548589 5 
553648 5 
560123 5 
568187 5 
570763 5 
580584 5 
607247 5 
627592 5 
631453 5 
662484 5 
665011 5 
668218 5 
673903 5 
681456 5 
689399 5 
694586 5 
714762 5 
720703 5 
724644 5 
728804 5 
731378 5 
733781 5 
735587 5 
739171 5 
745392 5 
751699 5 
760790 5 
771448 5 
786918 5 
795332 5 
799294 5 
801624 5 
806152 5 
807083 5 
808091 5 
814575 5 
815728 5 
845191 5 
845711 5 
856799 5 
864287 5 
878841 5 
879283 5 
904889 5 
917783 5 
925778 5 
926735 5 
933967 5 
953364 5 
953678 5 
982064 5 
983162 5 
987384 5 
1005715 5
1009264 5
1012808 5
1014178 5
1033652 5
1033706 5
1038657 5
1042374 5
1056943 5
1070227 5
1086726 5
1088212 5
1092089 5
1107992 5
1122132 5
1131745 5
1141636 5
1144856 5
1150456 5
1156664 5
1157609 5
1157988 5
1158653 5
1170271 5
1176643 5
1177399 5
1184889 5
1185391 5
1187624 5
1187652 5
1191010 5
1192196 5
1202131 5
1202296 5
1220867 5
1222661 5
1229358 5
1233791 5
1236666 5
1243766 5
1245717 5
1246319 5
1262686 5
1264807 5
1270988 5
1289929 5
1290007 5
1293947 5
1296791 5
1303141 5
1315871 5
1326485 5
1332470 5
1333336 5
1334675 5
1338731 5
1348759 5
1354862 5
1359271 5
1361980 5
1378381 5
1384816 5
1386091 5
1392283 5
1395827 5
1400872 5
1403911 5
1406591 5
1412760 5
1435319 5
1443908 5
1445903 5
1447688 5
1451298 5
1456004 5
1457428 5
1457941 5
1461737 5
1465553 5
1480520 5
1485012 5
1491312 5
1496051 5
1498818 5
1505846 5
1519851 5
1525684 5
1528135 5
1533151 5
1533748 5
1542491 5
1559996 5
1566303 5
1568699 5
1568909 5
1577496 5
1583243 5
1586388 5
1586563 5
1590539 5
1591841 5
1595460 5
1598692 5
1599849 5
1611866 5
1615144 5
1620595 5
1625889 5
1631704 5
1647741 5
1649477 5
1667311 5
1671653 5
1671934 5
1681672 5
1685143 5
1690399 5
1714600 5
1727639 5
1732119 5
1739548 5
1753847 5
1756318 5
1760952 5
1769471 5
1773417 5
1774128 5
1782724 5
1783583 5
1787888 5
1788947 5
1789155 5
1792676 5
1803911 5
1809856 5
1816091 5
1820648 5
1821252 5
1832276 5
1854201 5
1859563 5
1867368 5
1886023 5
1891476 5
1904327 5
1914443 5
1929261 5
1930460 5
1944271 5
1944661 5
1952747 5
1961418 5
1968250 5
1972434 5
1987509 5
1988788 5
1989112 5
2000087 5
2001528 5
2005343 5
2014744 5
