
The Oct.2023 discovered high rank C[n,0]
PARIGP Output
(C)2023.Simon Aranda


2020343
[13, 1; 23, 1; 29, 1; 233, 1]
[6, 6, 0, [[299, 25116], [29, 7656], [3393/4, 385671/8], [2691, 157872], [637, 39312], [667/9, 330832/27]]]

2174558
[2, ; 23, ; 41, ; 1153, ]
[6, 6, 0, [[943, 53751], [7544, 667644], 
[736, 44712], [722, 44118], [2738, 162726], 
[9016, 867468]]]

-3129357
[-1, ; 3, ; 7, ; 11, ; 19, ; 23, ; 31, ]
[6, 6, 0, [[-1767, 3534], [-1463, 38038], 
[4123, 239134], [-341, 32054], 
[-4991/9, 1068074/27], [7161, 587202]]]

-8081372
[-1, ; 2, 2; 13, ; 23, ; 29, ; 233, ]
[6, 6, 0, [[-2668, 50692], [-667, 71369], [6032, 413192], [-8671/4, 685009/8], [-2691, 47541], [4212, 201708]]]

-16390332
[-1, ; 2, ; 3, ; 7, ; 193, ; 337, ]
[6, 6, 0, [[8106, 632268], [-1158, 132012]
, [-2702, 156716], [7077, 488313], [-4044, 12132]
, [-12159/4, 1179423/8]]]

-16748536
[-1, ; 2, ; 7, ; 17, ; 73, ; 241, ]
[6, 6, 0, [[-4088, 12264], [-952, 122808], 
[-119, 44625], [11169, 1098285], 
[-4599/4, 1065435/8], [4232, 70104]]]


-188588857
[-1, ; 73, ; 109, ; 137, ; 173, ]
[7, 7, 0, [[14933, 716784], [-981, 429024], [-14933/9, 14992732/27], [18421, 1666392]
, [-173, 180612], [62453, 15225384], 
[-1090109/81, 231103108/729]]]

-356301977
[-1, ; 73, ; 89, ; 173, ; 317, ]
[7, 7, 0, [[23141, 2036408], [-2853, 996648], [-2059549/121, 1416969712/1331], 
[-1382437/169, 3380255956/2197], [53573, 11604736], [-103952/9, 43321996/27], [-14308, 1472702]]]

-13990867765
[-1, ; 5, ; 7, ; 31, ; 109, ; 281, ; 421, ]
[7, 7, 0, [[-118265, 709590], [1072015/9, 130785830/27], [-949499/25, 2728860126/125], [-3379, 6872886], [-949499/9, 469052506/27], [191660, 66021690], [296240, 147826980]]]

